%YAML:1.0
---
rot_mat: !!opencv-matrix
   rows: 3
   cols: 3
   dt: d
   data: [-1.0, 1.2246467991473532e-16, 2.465190328815662e-32, 0.0, 2.220446049250313e-16, -1.0, -1.2246467991473532e-16, -1.0, -2.220446049250313e-16]
t_vec: !!opencv-matrix
   rows: 3
   cols: 1
   dt: d
   data:  [5.500000000000001, 2.0000000000000018, -6.999999999999998]


   

camera_matrix_p: !!opencv-matrix
   rows: 3
   cols: 4
   dt: d
   data: [ 1.3436885258692237e+03, -8.1760640900136963e+01,
       -2.5751396812522576e+03, -6.6755798120236459e+03,
       -5.9302494206437120e+02, -2.1117397116746138e+03,
       -1.0470437342079249e+03, 2.0201160219875703e+04,
       -3.5631073908178390e-01, 5.1446089447029900e-02,
       -9.3295013644653113e-01, 1.3567804639536446e+01 ]
position: !!opencv-matrix
   rows: 3
   cols: 1
   dt: d
   data: [-3.5, 0.0, -2.0 ]
